25 25
0 1 1 0
1 1 1 0
1 1 1 0
1 0 0 0
0 0 1 0
1 1 1 0
1 1 0 0
0 1 1 0
1 1 1 0
1 1 0 0
0 1 0 0
0 1 1 0
1 1 1 0
1 1 1 0
1 1 0 0
0 0 0 0
0 0 0 0
0 1 1 0
1 0 1 0
1 0 1 0
1 0 1 0
1 1 1 0
1 1 1 0
1 1 1 0
1 0 0 0
0 1 1 1
1 1 0 1
0 1 1 1
1 1 1 0
1 0 1 0
1 1 1 1
1 1 0 1
0 0 1 1
1 1 0 1
0 0 1 1
1 1 0 1
0 0 1 1
1 0 1 1
1 0 0 1
0 1 1 1
1 1 1 0
1 1 0 0
0 1 1 1
1 1 1 0
1 1 0 0
0 1 1 0
1 0 1 1
1 0 1 1
1 1 1 1
1 0 0 0
0 0 0 1
0 1 1 1
1 1 1 1
1 0 0 1
0 1 0 0
0 0 0 1
0 0 1 1
1 1 1 0
1 1 1 1
1 0 1 0
1 0 1 1
1 1 0 0
0 1 1 0
1 0 1 0
1 1 0 1
0 1 0 1
0 0 1 1
1 0 0 1
0 0 1 1
1 0 0 1
0 1 1 1
1 1 1 0
1 1 1 0
1 1 0 1
0 1 0 0
0 1 1 0
1 1 1 1
1 1 0 1
0 1 0 0
0 0 1 1
1 0 1 0
1 0 1 0
1 1 1 1
1 1 0 1
0 0 1 0
1 0 1 0
1 0 1 1
1 1 0 1
0 1 1 0
1 1 0 1
0 0 1 1
1 0 1 0
1 0 0 0
0 0 1 0
1 1 0 0
0 1 1 1
1 0 1 1
1 1 1 1
1 0 1 1
1 1 0 1
0 0 0 1
0 0 1 1
1 1 1 1
1 1 1 1
1 0 1 0
1 1 1 0
1 0 1 0
1 1 1 1
1 1 1 1
1 0 1 0
1 1 1 0
1 0 1 0
1 0 1 1
1 0 0 1
0 1 1 1
1 1 0 0
0 1 1 0
1 1 0 0
0 1 0 0
0 0 1 1
1 1 0 1
0 1 1 0
1 1 0 1
0 1 1 0
1 0 0 1
0 1 0 0
0 0 0 0
0 1 1 1
1 1 1 1
1 0 1 0
1 0 0 1
0 1 1 0
1 1 1 1
1 0 1 1
1 1 1 0
1 0 1 1
1 1 0 0
0 0 1 0
1 0 0 0
0 0 0 1
0 0 1 1
1 0 0 1
0 0 0 1
0 0 1 1
1 1 1 0
1 1 1 1
1 1 1 1
1 0 1 1
1 1 1 1
1 1 0 0
0 0 1 1
1 1 0 0
0 1 1 1
1 1 0 1
0 0 0 0
0 0 1 0
1 0 1 1
1 1 0 1
0 1 0 0
0 1 0 1
0 0 1 0
1 1 1 1
1 0 0 0
0 1 0 0
0 0 1 0
1 1 1 0
1 1 0 0
0 1 0 0
0 0 1 0
1 0 0 1
0 0 0 1
0 0 1 1
1 1 1 0
1 0 0 1
0 1 0 1
0 1 1 0
1 1 1 1
1 1 1 1
1 1 0 1
0 0 1 0
1 0 1 0
1 0 1 0
1 0 1 1
1 1 0 1
0 0 0 1
0 1 1 0
1 0 0 1
0 1 0 0
0 0 1 1
1 1 1 0
1 0 1 1
1 1 1 1
1 0 1 1
1 0 1 0
1 0 0 0
0 1 0 0
0 0 0 0
0 0 1 1
1 0 1 0
1 0 0 1
0 1 1 1
1 0 0 1
0 0 0 1
0 0 0 1
0 0 1 0
1 1 1 0
1 0 1 0
1 0 1 0
1 1 1 1
1 1 1 0
1 1 1 1
1 1 1 0
1 1 1 1
1 1 1 0
1 1 1 1
1 1 1 0
1 1 0 1
0 0 0 0
0 0 1 0
1 0 0 0
0 1 1 1
1 1 1 0
1 1 0 0
0 1 1 0
1 1 0 0
0 1 0 1
0 1 1 0
1 0 1 0
1 1 1 0
1 1 0 0
0 0 1 1
1 1 1 0
1 1 0 0
0 1 1 1
1 1 1 1
1 1 1 1
1 1 1 1
1 1 1 1
1 1 1 1
1 1 1 1
1 1 1 1
1 1 1 1
1 0 0 0
0 0 0 0
0 0 1 0
1 0 0 1
0 0 0 1
0 0 1 1
1 1 1 1
1 0 0 1
0 1 0 1
0 1 0 1
0 1 0 0
0 1 0 1
0 1 1 1
1 1 1 0
1 0 0 1
0 0 0 1
0 1 1 1
1 1 1 1
1 1 1 1
1 1 1 1
1 1 1 1
1 1 1 1
1 1 1 1
1 1 1 1
1 1 1 1
1 1 0 0
0 1 1 0
1 1 0 0
0 1 1 0
1 1 1 0
1 1 0 0
0 0 0 1
0 1 0 0
0 1 1 1
1 1 1 1
1 0 0 1
0 0 0 1
0 1 0 1
0 1 0 1
0 0 1 0
1 0 1 0
1 1 1 1
1 1 1 1
1 1 1 1
1 1 1 1
1 1 1 1
1 1 1 1
1 1 1 1
1 1 1 1
1 1 1 1
1 1 0 1
0 1 1 1
1 0 0 1
0 1 1 1
1 1 1 1
1 1 0 1
0 0 1 0
1 0 0 1
0 1 1 1
1 1 1 1
1 1 0 0
0 0 1 0
1 0 1 1
1 1 0 1
0 1 0 0
0 1 1 0
1 1 1 1
1 1 1 1
1 1 1 1
1 1 1 1
1 1 1 1
1 1 1 1
1 1 1 1
1 1 1 1
1 1 1 1
1 1 1 1
1 0 1 1
1 0 1 0
1 1 0 1
0 1 1 1
1 0 0 1
0 0 1 0
1 0 0 0
0 1 0 1
0 1 0 1
0 0 0 1
0 0 1 0
1 1 1 0
1 0 1 1
1 1 1 1
1 0 0 1
0 1 1 1
1 1 1 1
1 1 1 1
1 1 1 1
1 1 1 1
1 1 1 1
1 1 1 1
1 1 1 1
1 1 1 1
1 1 1 1
1 1 1 0
1 1 1 0
1 1 0 1
0 1 0 1
0 0 0 0
0 1 1 0
1 1 0 0
0 0 1 1
1 1 0 1
0 1 1 0
1 0 1 0
1 0 1 1
1 1 1 0
1 0 0 1
0 1 1 0
1 1 1 1
1 1 1 1
1 1 1 1
1 1 1 1
1 1 1 1
1 1 1 1
1 1 1 1
1 1 1 1
1 1 0 1
0 0 0 1
0 0 1 1
1 0 1 1
1 1 0 1
0 1 1 1
1 0 1 0
1 0 0 1
0 0 0 1
0 0 1 0
1 0 0 1
0 1 1 1
1 0 0 0
0 0 1 0
1 1 0 1
0 1 1 0
1 1 0 1
0 1 1 1
1 1 1 1
1 1 1 1
1 1 1 1
1 1 1 1
1 1 1 1
1 1 1 1
1 1 1 1
1 1 1 1
1 1 1 0
1 1 0 0
0 0 1 0
1 1 1 1
1 0 1 1
1 0 0 0
0 0 1 0
1 1 0 0
0 1 0 0
0 1 0 0
0 1 1 1
1 1 1 0
1 0 1 0
1 1 0 1
0 0 1 1
1 1 0 1
0 1 1 1
1 0 1 1
1 1 1 1
1 1 1 1
1 0 1 1
1 1 1 1
1 0 1 1
1 1 1 1
1 0 1 1
1 1 0 1
0 0 0 1
0 0 1 0
1 1 1 1
1 1 0 0
0 1 0 0
0 1 1 0
1 1 0 1
0 1 1 1
1 0 1 1
1 0 1 1
1 1 0 1
0 1 1 0
1 1 1 1
1 0 0 0
0 1 1 1
1 1 1 1
1 1 0 0
0 1 1 1
1 1 1 1
1 0 0 0
0 1 1 1
1 1 1 0
1 0 1 1
1 1 1 0
1 1 1 1
1 1 1 0
1 1 0 0
0 1 1 1
1 1 1 1
1 0 0 1
0 1 1 1
1 1 0 1
0 1 0 1
0 0 1 0
1 1 1 0
1 1 0 1
0 1 1 1
1 1 1 1
1 0 0 0
0 1 1 1
1 1 0 1
0 1 1 1
1 1 0 1
0 1 1 1
1 1 1 0
1 1 0 1
0 0 1 1
1 1 0 0
0 1 1 1
1 1 1 1
1 0 1 1
1 0 0 1
0 1 0 1
0 1 1 1
1 0 1 0
1 0 1 1
1 1 0 1
0 1 1 1
1 1 1 0
1 1 1 1
1 1 1 1
1 0 0 1
0 1 0 1
0 0 0 0
0 1 1 1
1 0 1 1
1 0 1 1
1 1 0 1
0 0 1 1
1 1 0 1
0 0 0 1
0 1 0 0
0 0 1 1
1 1 1 1
1 0 0 1
0 0 1 0
1 1 0 0
0 1 1 1
1 0 0 1
0 0 1 0
1 1 1 0
1 1 0 1
0 1 0 1
0 0 1 1
1 0 0 1
0 1 1 1
1 0 0 0
0 1 1 1
1 1 1 0
1 1 1 1
1 0 1 0
1 1 1 0
1 1 1 1
1 0 0 0
0 0 1 1
1 1 1 0
1 0 1 1
1 1 1 0
1 1 0 1
0 1 0 0
0 0 0 0
0 1 1 1
1 1 0 1
0 0 1 0
1 1 1 0
1 0 1 1
1 1 0 1
0 1 1 1
1 1 1 0
1 1 0 0
0 0 1 1
1 1 0 0
0 0 0 1
0 0 0 1
0 1 0 1
0 0 0 0
0 1 1 1
1 0 1 1
1 1 1 0
1 1 1 0
1 0 1 1
1 1 0 0
0 1 1 1
1 1 0 1
0 1 1 1
1 1 0 0
0 1 1 1
1 0 1 1
1 0 0 0
0 1 1 1
1 1 0 0
0 1 0 1
0 1 1 1
1 1 1 1
1 1 1 1
1 0 1 0
1 0 1 1
1 0 1 0
1 0 1 0
1 1 1 1
1 0 1 0
1 0 1 1
1 0 1 0
1 0 1 1
1 1 1 1
1 0 1 0
1 0 0 1
0 0 0 1
0 0 0 1
0 0 0 1
0 0 0 1
0 1 1 1
1 1 1 0
1 0 0 0
0 1 0 1
0 1 1 1
1 0 0 1
0 0 1 1
1 1 0 1
0 0 0 1
0 0 1 0
1 1 1 0
1 1 1 0
1 1 1 0
1 1 1 1
1 1 1 0
1 1 1 0
1 1 1 0
1 1 0 0
0 1 1 1
1 0 1 0
1 1 1 0
1 0 1 0
1 1 1 0
1 1 1 0
1 1 1 0
1 0 0 1
0 1 0 1
0 1 0 0
0 0 0 1
0 1 1 1
1 1 0 0
0 0 0 0
0 0 1 1
1 0 0 0
0 0 0 0
0 0 0 1
0 0 1 1
1 0 0 1
0 0 1 1
1 0 0 1
0 0 1 1
1 0 0 1
0 0 1 1
1 0 0 1
0 0 1 0
1 0 1 1
1 0 1 0
1 0 1 1
1 0 0 1
0 0 1 1
1 0 1 0
1 0 0 1
0 0 0 1
0 0 0 0
0 0 1 1
1 0 0 1
313 200 201 6 251 301 351 376